[
  [
    1.0,
    0.9497477999335501,
    0.9472817968597819,
    0.9457530724957816,
    0.9572004367260568,
    0.9662996891671836,
    0.9470665092198904,
    0.9395198290990724,
    0.9294525013630743,
    0.955394794363228,
    0.9511731806261958,
    0.9002397467621426,
    0.9275949190837071,
    0.9357313239391981,
    0.9523988835702003,
    0.9259569468199245,
    0.9339677232952468,
    0.912442224495005,
    0.9177684778792985,
    0.920549749378446,
    0.9257501313079729,
    0.9481941683356141,
    0.8775086605157367,
    0.9504444058896189,
    0.9628483917628714,
    0.950612809889692,
    0.9421038381582576
  ],
  [
    0.9497477999335501,
    1.0,
    0.9881932734897827,
    0.952985553927896,
    0.9812301514555587,
    0.9756668756762547,
    0.9653410894548538,
    0.9782023498275576,
    0.9743193013065026,
    0.964246509605957,
    0.9799774155549162,
    0.9415539873510047,
    0.8945455248574711,
    0.9410979020788491,
    0.9425860266365421,
    0.9575619887608213,
    0.9470250763531768,
    0.9252680893129908,
    0.8997491278163333,
    0.9499071010279674,
    0.9716274890995109,
    0.9298449345693142,
    0.8969971476680031,
    0.9713203975449145,
    0.9459029341229803,
    0.9502153371911611,
    0.9580651732465038
  ],
  [
    0.9472817968597819,
    0.9881932734897827,
    1.0,
    0.9567754232032897,
    0.9702876984264084,
    0.9864368517533727,
    0.9725263961296919,
    0.9640475898197816,
    0.9829264533017221,
    0.9653259466093826,
    0.9734041605443182,
    0.963853816541914,
    0.9208467263937277,
    0.9467203020627465,
    0.9395585779718595,
    0.9616225212881805,
    0.9443747843496534,
    0.9472489691923017,
    0.8881617665603718,
    0.9497599651259228,
    0.9568930606834924,
    0.9280975777008496,
    0.8934554132731145,
    0.9577642699083345,
    0.9356095534907619,
    0.954138110809744,
    0.9525473042538773
  ],
  [
    0.9457530724957816,
    0.952985553927896,
    0.9567754232032897,
    1.0,
    0.9440264502433299,
    0.978187961655646,
    0.9748078073583606,
    0.9345412409918195,
    0.9551608323551296,
    0.972802335769138,
    0.9583237780346295,
    0.9278348508540877,
    0.9325888121649065,
    0.9130188822845887,
    0.9497475473004322,
    0.9591702676338096,
    0.9454971468178499,
    0.9504314308737168,
    0.9255946070444914,
    0.9419295894039669,
    0.9484043538122446,
    0.9290065078723154,
    0.891995385361013,
    0.9388812215776298,
    0.9245728160798418,
    0.9291065508747192,
    0.9425273996193332
  ],
  [
    0.9572004367260568,
    0.9812301514555587,
    0.9702876984264084,
    0.9440264502433299,
    1.0,
    0.9695985438195962,
    0.9570395344245446,
    0.9900525474545924,
    0.962829762621782,
    0.9638389535107025,
    0.9663615759493007,
    0.9273605815546573,
    0.904644610729209,
    0.9405562054993296,
    0.9502558957957491,
    0.9414662592351698,
    0.9434060329531115,
    0.9092880750760589,
    0.9025741108312131,
    0.9226667237899789,
    0.9517402617450288,
    0.9253218982461966,
    0.8893722078788974,
    0.9779528399652414,
    0.9549556405960443,
    0.9491146272344684,
    0.9301164725392892
  ],
  [
    0.9662996891671836,
    0.9756668756762547,
    0.9864368517533727,
    0.978187961655646,
    0.9695985438195962,
    1.0,
    0.9811247005258119,
    0.9599071503949224,
    0.974235383633027,
    0.9736273297399319,
    0.9726082992600312,
    0.9584324455255594,
    0.9322540791551935,
    0.9481546817436941,
    0.9501427200256981,
    0.9616900900309687,
    0.9512325268240062,
    0.9574772137404404,
    0.9111376559476724,
    0.9512122239012487,
    0.954313018791406,
    0.9431096518125829,
    0.8947432580974786,
    0.9611340702908946,
    0.9429125109974982,
    0.9550296159861826,
    0.9481357188203248
  ],
  [
    0.9470665092198904,
    0.9653410894548538,
    0.9725263961296919,
    0.9748078073583606,
    0.9570395344245446,
    0.9811247005258119,
    1.0,
    0.9486839534552334,
    0.9698725136286903,
    0.9773248852074551,
    0.9674200172888154,
    0.9428612844873157,
    0.9424024648157857,
    0.9341621877867541,
    0.9553575678551909,
    0.9637948079528467,
    0.9391848733619026,
    0.9688368106414863,
    0.9259553604252265,
    0.9484465105398421,
    0.9580613319526771,
    0.9353530882710207,
    0.9162132717201312,
    0.9543084565076904,
    0.9183751448919392,
    0.944507194011362,
    0.9375692928214886
  ],
  [
    0.9395198290990724,
    0.9782023498275576,
    0.9640475898197816,
    0.9345412409918195,
    0.9900525474545924,
    0.9599071503949224,
    0.9486839534552334,
    1.0,
    0.9580905992211783,
    0.9410066994153116,
    0.969685741169183,
    0.915326648914338,
    0.877104137111022,
    0.9363501193884053,
    0.9201311289549055,
    0.9354049031005865,
    0.9286003244740375,
    0.896362250603144,
    0.8755115666562052,
    0.9253852401359366,
    0.9548332076682857,
    0.9082841300804868,
    0.8758156032904427,
    0.9690334810946181,
    0.935450622362013,
    0.9268229587230277,
    0.923465336393652
  ],
  [
    0.9294525013630743,
    0.9743193013065026,
    0.9829264533017221,
    0.9551608323551296,
    0.962829762621782,
    0.974235383633027,
    0.9698725136286903,
    0.9580905992211783,
    1.0,
    0.96304108641228,
    0.9725225774260484,
    0.9689357332829008,
    0.9128946176098517,
    0.9478533573497678,
    0.9459291273735092,
    0.9683270483091404,
    0.9464452190565407,
    0.9442875147391567,
    0.882962733107113,
    0.9502980642043614,
    0.9397330539349203,
    0.9205854275930294,
    0.9166292525592297,
    0.9647184038570099,
    0.9251878397506127,
    0.9496983342113522,
    0.9252992518154682
  ],
  [
    0.955394794363228,
    0.964246509605957,
    0.9653259466093826,
    0.972802335769138,
    0.9638389535107025,
    0.9736273297399319,
    0.9773248852074551,
    0.9410066994153116,
    0.96304108641228,
    1.0,
    0.964873567585845,
    0.936020878375823,
    0.9535343812242292,
    0.9376931648529734,
    0.9697066214174876,
    0.959096144717699,
    0.9533671592524281,
    0.9538920221298304,
    0.9352157084900764,
    0.9276562891290366,
    0.9422280500364699,
    0.9363117588793726,
    0.8873041492659268,
    0.9666679605243299,
    0.941211297986808,
    0.9628548037388357,
    0.9487582084333314
  ],
  [
    0.9511731806261958,
    0.9799774155549162,
    0.9734041605443182,
    0.9583237780346295,
    0.9663615759493007,
    0.9726082992600312,
    0.9674200172888154,
    0.969685741169183,
    0.9725225774260484,
    0.964873567585845,
    1.0,
    0.938833969398162,
    0.8996949510000057,
    0.9538947895327728,
    0.9382464666249368,
    0.9558702644581579,
    0.9532935436611809,
    0.943448004516154,
    0.8921600066701783,
    0.9563259946126024,
    0.9589262317457242,
    0.9150699881473714,
    0.8876488417363827,
    0.9625414626704277,
    0.9233226131633143,
    0.9355774112131747,
    0.9551506628057401
  ],
  [
    0.9002397467621426,
    0.9415539873510047,
    0.963853816541914,
    0.9278348508540877,
    0.9273605815546573,
    0.9584324455255594,
    0.9428612844873157,
    0.915326648914338,
    0.9689357332829008,
    0.936020878375823,
    0.938833969398162,
    1.0,
    0.9095681436279744,
    0.9179996117648107,
    0.9032381616625812,
    0.9341328931124728,
    0.9396203669664213,
    0.9470850370724375,
    0.8400063865418157,
    0.912408055323311,
    0.889386199510171,
    0.8759595563526712,
    0.879219800869883,
    0.9258175112382312,
    0.8751043916952798,
    0.9179390529167755,
    0.8828496859635615
  ],
  [
    0.9275949190837071,
    0.8945455248574711,
    0.9208467263937277,
    0.9325888121649065,
    0.904644610729209,
    0.9322540791551935,
    0.9424024648157857,
    0.877104137111022,
    0.9128946176098517,
    0.9535343812242292,
    0.8996949510000057,
    0.9095681436279744,
    1.0,
    0.9020038417443776,
    0.9290269888334342,
    0.9185044258312154,
    0.912551337193675,
    0.9323223431995632,
    0.9045698512718618,
    0.8817335258637876,
    0.8827948840115951,
    0.8955988230258801,
    0.8862206122734477,
    0.8858488784084882,
    0.8890190721973122,
    0.9184376625590301,
    0.9080998616683753
  ],
  [
    0.9357313239391981,
    0.9410979020788491,
    0.9467203020627465,
    0.9130188822845887,
    0.9405562054993296,
    0.9481546817436941,
    0.9341621877867541,
    0.9363501193884053,
    0.9478533573497678,
    0.9376931648529734,
    0.9538947895327728,
    0.9179996117648107,
    0.9020038417443776,
    1.0,
    0.9050343159756765,
    0.9280323264987572,
    0.9229749644491322,
    0.9117436428512808,
    0.8936284674235007,
    0.9133942990808144,
    0.9199432223304466,
    0.9234284182128679,
    0.8824955812242701,
    0.9467680397416126,
    0.9110444264250995,
    0.9240741635239343,
    0.9165426684920482
  ],
  [
    0.9523988835702003,
    0.9425860266365421,
    0.9395585779718595,
    0.9497475473004322,
    0.9502558957957491,
    0.9501427200256981,
    0.9553575678551909,
    0.9201311289549055,
    0.9459291273735092,
    0.9697066214174876,
    0.9382464666249368,
    0.9032381616625812,
    0.9290269888334342,
    0.9050343159756765,
    1.0,
    0.937444376536024,
    0.9464859027791507,
    0.927641572767215,
    0.9230680399744963,
    0.9398286180608388,
    0.9252639075529066,
    0.9248580279292605,
    0.9171453717737745,
    0.9394397676876256,
    0.958855244708826,
    0.9529788708679199,
    0.9258564412220794
  ],
  [
    0.9259569468199245,
    0.9575619887608213,
    0.9616225212881805,
    0.9591702676338096,
    0.9414662592351698,
    0.9616900900309687,
    0.9637948079528467,
    0.9354049031005865,
    0.9683270483091404,
    0.959096144717699,
    0.9558702644581579,
    0.9341328931124728,
    0.9185044258312154,
    0.9280323264987572,
    0.937444376536024,
    1.0,
    0.9195493012854817,
    0.9380778930473544,
    0.918898959867074,
    0.9718590470051899,
    0.9395302118162333,
    0.9171619505558192,
    0.8997883740366298,
    0.9373606544747652,
    0.9028206469121071,
    0.9121639409097898,
    0.9378409816870458
  ],
  [
    0.9339677232952468,
    0.9470250763531768,
    0.9443747843496534,
    0.9454971468178499,
    0.9434060329531115,
    0.9512325268240062,
    0.9391848733619026,
    0.9286003244740375,
    0.9464452190565407,
    0.9533671592524281,
    0.9532935436611809,
    0.9396203669664213,
    0.912551337193675,
    0.9229749644491322,
    0.9464859027791507,
    0.9195493012854817,
    1.0,
    0.935647429781872,
    0.8780984769915977,
    0.917304113223894,
    0.918070067926688,
    0.8943390638314934,
    0.8954054290258888,
    0.9360171655188809,
    0.922429846595126,
    0.9107945373492689,
    0.909263461781217
  ],
  [
    0.912442224495005,
    0.9252680893129908,
    0.9472489691923017,
    0.9504314308737168,
    0.9092880750760589,
    0.9574772137404404,
    0.9688368106414863,
    0.896362250603144,
    0.9442875147391567,
    0.9538920221298304,
    0.943448004516154,
    0.9470850370724375,
    0.9323223431995632,
    0.9117436428512808,
    0.927641572767215,
    0.9380778930473544,
    0.935647429781872,
    1.0,
    0.8813467583326395,
    0.9300975949670215,
    0.9165095519918105,
    0.8778301954752675,
    0.890708460171673,
    0.9071558102902553,
    0.8547249303743678,
    0.8971853324393918,
    0.9225312654705695
  ],
  [
    0.9177684778792985,
    0.8997491278163333,
    0.8881617665603718,
    0.9255946070444914,
    0.9025741108312131,
    0.9111376559476724,
    0.9259553604252265,
    0.8755115666562052,
    0.882962733107113,
    0.9352157084900764,
    0.8921600066701783,
    0.8400063865418157,
    0.9045698512718618,
    0.8936284674235007,
    0.9230680399744963,
    0.918898959867074,
    0.8780984769915977,
    0.8813467583326395,
    1.0,
    0.8915874506840046,
    0.9265943631655925,
    0.8919313567377972,
    0.901438235395381,
    0.906701128430806,
    0.904992740461767,
    0.9037342362206668,
    0.8939279055636951
  ],
  [
    0.920549749378446,
    0.9499071010279674,
    0.9497599651259228,
    0.9419295894039669,
    0.9226667237899789,
    0.9512122239012487,
    0.9484465105398421,
    0.9253852401359366,
    0.9502980642043614,
    0.9276562891290366,
    0.9563259946126024,
    0.912408055323311,
    0.8817335258637876,
    0.9133942990808144,
    0.9398286180608388,
    0.9718590470051899,
    0.917304113223894,
    0.9300975949670215,
    0.8915874506840046,
    1.0,
    0.9446287430633251,
    0.9023406103914567,
    0.9005863435409537,
    0.908510749118209,
    0.9051670929492616,
    0.8935734285395395,
    0.9445973735125421
  ],
  [
    0.9257501313079729,
    0.9716274890995109,
    0.9568930606834924,
    0.9484043538122446,
    0.9517402617450288,
    0.954313018791406,
    0.9580613319526771,
    0.9548332076682857,
    0.9397330539349203,
    0.9422280500364699,
    0.9589262317457242,
    0.889386199510171,
    0.8827948840115951,
    0.9199432223304466,
    0.9252639075529066,
    0.9395302118162333,
    0.918070067926688,
    0.9165095519918105,
    0.9265943631655925,
    0.9446287430633251,
    1.0,
    0.8991021735011585,
    0.9199671188458337,
    0.9423819728608129,
    0.9212347102271473,
    0.9147252395728774,
    0.9466564367634649
  ],
  [
    0.9481941683356141,
    0.9298449345693142,
    0.9280975777008496,
    0.9290065078723154,
    0.9253218982461966,
    0.9431096518125829,
    0.9353530882710207,
    0.9082841300804868,
    0.9205854275930294,
    0.9363117588793726,
    0.9150699881473714,
    0.8759595563526712,
    0.8955988230258801,
    0.9234284182128679,
    0.9248580279292605,
    0.9171619505558192,
    0.8943390638314934,
    0.8778301954752675,
    0.8919313567377972,
    0.9023406103914567,
    0.8991021735011585,
    1.0,
    0.8569999190565994,
    0.9246241576322702,
    0.9388810968449601,
    0.9306621556358629,
    0.9148476566541095
  ],
  [
    0.8775086605157367,
    0.8969971476680031,
    0.8934554132731145,
    0.891995385361013,
    0.8893722078788974,
    0.8947432580974786,
    0.9162132717201312,
    0.8758156032904427,
    0.9166292525592297,
    0.8873041492659268,
    0.8876488417363827,
    0.879219800869883,
    0.8862206122734477,
    0.8824955812242701,
    0.9171453717737745,
    0.8997883740366298,
    0.8954054290258888,
    0.890708460171673,
    0.901438235395381,
    0.9005863435409537,
    0.9199671188458337,
    0.8569999190565994,
    1.0,
    0.8847922241234282,
    0.8668943098859784,
    0.8838128321873988,
    0.8507615357974893
  ],
  [
    0.9504444058896189,
    0.9713203975449145,
    0.9577642699083345,
    0.9388812215776298,
    0.9779528399652414,
    0.9611340702908946,
    0.9543084565076904,
    0.9690334810946181,
    0.9647184038570099,
    0.9666679605243299,
    0.9625414626704277,
    0.9258175112382312,
    0.8858488784084882,
    0.9467680397416126,
    0.9394397676876256,
    0.9373606544747652,
    0.9360171655188809,
    0.9071558102902553,
    0.906701128430806,
    0.908510749118209,
    0.9423819728608129,
    0.9246241576322702,
    0.8847922241234282,
    1.0,
    0.945606830962777,
    0.9587843252344939,
    0.9097289049625924
  ],
  [
    0.9628483917628714,
    0.9459029341229803,
    0.9356095534907619,
    0.9245728160798418,
    0.9549556405960443,
    0.9429125109974982,
    0.9183751448919392,
    0.935450622362013,
    0.9251878397506127,
    0.941211297986808,
    0.9233226131633143,
    0.8751043916952798,
    0.8890190721973122,
    0.9110444264250995,
    0.958855244708826,
    0.9028206469121071,
    0.922429846595126,
    0.8547249303743678,
    0.904992740461767,
    0.9051670929492616,
    0.9212347102271473,
    0.9388810968449601,
    0.8668943098859784,
    0.945606830962777,
    1.0,
    0.9615279416049513,
    0.9106366398814921
  ],
  [
    0.950612809889692,
    0.9502153371911611,
    0.954138110809744,
    0.9291065508747192,
    0.9491146272344684,
    0.9550296159861826,
    0.944507194011362,
    0.9268229587230277,
    0.9496983342113522,
    0.9628548037388357,
    0.9355774112131747,
    0.9179390529167755,
    0.9184376625590301,
    0.9240741635239343,
    0.9529788708679199,
    0.9121639409097898,
    0.9107945373492689,
    0.8971853324393918,
    0.9037342362206668,
    0.8935734285395395,
    0.9147252395728774,
    0.9306621556358629,
    0.8838128321873988,
    0.9587843252344939,
    0.9615279416049513,
    1.0,
    0.9067417323196973
  ],
  [
    0.9421038381582576,
    0.9580651732465038,
    0.9525473042538773,
    0.9425273996193332,
    0.9301164725392892,
    0.9481357188203248,
    0.9375692928214886,
    0.923465336393652,
    0.9252992518154682,
    0.9487582084333314,
    0.9551506628057401,
    0.8828496859635615,
    0.9080998616683753,
    0.9165426684920482,
    0.9258564412220794,
    0.9378409816870458,
    0.909263461781217,
    0.9225312654705695,
    0.8939279055636951,
    0.9445973735125421,
    0.9466564367634649,
    0.9148476566541095,
    0.8507615357974893,
    0.9097289049625924,
    0.9106366398814921,
    0.9067417323196973,
    1.0
  ]
]